method;mape_mean;mape_std;mse_mean;mse_std
akima;0.01892561258257682;0.009532978597329716;0.3422660732996493;0.16946039942462787
barycentric;31250792450640.75;37598888350526.6;5.636840858004522e+30;1.1163595302478775e+31
cubic;0.02306739138492527;0.012079582405629098;0.5110136349515707;0.2401161554522138
cubicspline;0.02436893439935097;0.01397297562186344;0.5545381922565807;0.20998564462949387
index;0.017683046566974895;0.008807731415444935;0.30320384189155447;0.1572858814773602
linear;0.017683046566974895;0.008807731415444935;0.3032038418915545;0.15728588147736022
nearest;0.021564258240364738;0.010826717873266393;0.43844112066282237;0.25537162499889793
pad;0.020311737672376876;0.010174487883368699;0.394496250982997;0.2213683501222766
pchip;0.01881270822625227;0.00987143166509799;0.3289549064040246;0.16248605277171765
polynomial;0.02306739138492527;0.012079582405629098;0.5110136349515707;0.2401161554522138
quadratic;0.02243690650577037;0.011731836085404871;0.48300442830738677;0.23399284231741735
slinear;0.017683046566974895;0.008807731415444935;0.30320384189155447;0.1572858814773602
spline;0.01625430069887028;0.00682438787959644;0.2915948046755526;0.20944187642436188
time;0.017683046566974895;0.008807731415444935;0.30320384189155447;0.1572858814773602
values;0.017683046566974895;0.008807731415444935;0.30320384189155447;0.1572858814773602
zero;0.020311737672376876;0.010174487883368699;0.394496250982997;0.2213683501222766
